17

0
0
-1
0 0 0 0 0 0 0 0 0 0 0 0
0 0 0 0 0 0 0 0 0 0 0 0
0 0 0 0 0 0 0 0 0 0 0 0
0 0 0 0 0 0 0 0 0 0 0 0
0 0 0 0 0 0 0 0 0 0 0 0
0 0 0 0 0 0 0 0 0 0 0 0
0 0 0 0 0 0 0 0 0 0 0 0
0 0 0 0 0 0 0 0 0 0 0 0
0 0 0 0 0 0 0 0 0 0 0 0
0 0 0 0 0 0 0 0 0 0 0 0
0 0 0 0 0 0 0 0 0 0 0 0
0 0 0 0 0 0 0 0 0 0 0 0
0 0 0 0 0 0 0 0 0 0 0 0
0 0 0 0 0 0 0 0 0 0 0 0
0 0 0 0 0 0 0 0 0 0 0 0
0 0 0 0 0 0 0 0 0 0 0 0
0 0 0 0 0 0 0 0 0 0 0 0
0 0 0 0 0 0 0 0 0 0 0 0
0 0 0 0 0 0 0 0 0 0 0 0
0 0 0 0 0 0 0 0 0 0 0 0
0 0 0 0 0 0 0 0 0 0 0 0
0 0 0 0 0 0 0 0 0 0 0 0
0 0 0 0 0 0 0 0 0 0 0 0
0 0 0 0 0 0 0 0 0 0 0 0

1
1
2
0 0 0 0 0 0 0 0 0 0 0 0
0 0 0 0 0 0 0 0 0 0 0 0
0 0 0 0 0 0 0 0 0 0 0 0
0 0 0 0 0 0 0 0 0 0 0 0
0 0 0 2 0 0 0 0 0 2 0 0
0 0 0 2 0 0 0 0 0 2 0 0
0 0 0 0 2 0 0 0 0 0 2 0
0 0 0 0 2 0 0 0 0 0 2 0
0 0 0 0 0 2 0 0 0 0 0 2
0 0 0 0 0 2 0 0 0 0 0 2
2 0 0 0 0 0 2 0 0 0 0 0
2 0 0 0 0 0 2 0 0 0 0 0
0 2 0 0 0 0 0 2 0 0 0 0
0 2 0 0 0 0 0 2 0 0 0 0
0 0 2 0 0 0 0 0 2 0 0 0
0 0 2 0 0 0 0 0 2 0 0 0
0 0 0 2 0 0 0 0 0 2 0 0
0 0 0 2 0 0 0 0 0 2 0 0
0 0 0 0 2 0 0 0 0 0 2 0
0 0 0 0 2 0 0 0 0 0 2 0
0 0 0 0 0 2 0 0 0 0 0 2
0 0 0 0 0 2 0 0 0 0 0 2
2 0 0 0 0 0 2 0 0 0 0 0
2 0 0 0 0 0 2 0 0 0 0 0

2
-1
-1
0 0 0 0 0 2 0 0 0 0 0 2
0 0 0 0 0 2 0 0 0 0 0 2
0 0 0 0 2 0 0 0 0 0 2 0
0 0 0 0 2 0 0 0 0 0 2 0
0 0 0 2 0 0 0 0 0 2 0 0
0 0 0 2 0 0 0 0 0 2 0 0
0 0 2 0 0 0 0 0 2 0 0 0
0 0 2 0 0 0 0 0 2 0 0 0
0 2 0 0 0 0 0 2 0 0 0 0
0 2 0 0 0 0 0 2 0 0 0 0
2 0 0 0 0 0 2 0 0 0 0 0
2 0 0 0 0 0 2 0 0 0 0 0
0 0 0 0 0 2 0 0 0 0 0 2
0 0 0 0 0 2 0 0 0 0 0 2
0 0 0 0 2 0 0 0 0 0 2 0
0 0 0 0 2 0 0 0 0 0 2 0
0 0 0 2 0 0 0 0 0 2 0 0
0 0 0 2 0 0 0 0 0 2 0 0
0 0 2 0 0 0 0 0 2 0 0 0
0 0 2 0 0 0 0 0 2 0 0 0
0 2 0 0 0 0 0 2 0 0 0 0
0 2 0 0 0 0 0 2 0 0 0 0
2 0 0 0 0 0 2 0 0 0 0 0
2 0 0 0 0 0 2 0 0 0 0 0

3
1
-1
0 0 0 0 0 0 0 0 0 0 0 0
0 0 0 0 0 0 0 0 0 0 0 0
0 0 0 0 0 0 0 0 0 0 0 0
0 0 2 2 0 0 0 0 2 2 0 0
0 0 2 2 0 0 0 0 2 2 0 0
0 0 0 0 0 0 0 0 0 0 0 0
0 0 0 0 0 0 0 0 0 0 0 0
0 0 0 0 0 0 0 0 0 0 0 0
0 0 0 0 0 0 0 0 0 0 0 0
2 0 0 0 0 2 2 0 0 0 0 2
2 0 0 0 0 2 2 0 0 0 0 2
0 0 0 0 0 0 0 0 0 0 0 0
0 0 0 0 0 0 0 0 0 0 0 0
0 0 0 0 0 0 0 0 0 0 0 0
0 0 0 0 0 0 0 0 0 0 0 0
0 0 2 2 0 0 0 0 2 2 0 0
0 0 2 2 0 0 0 0 2 2 0 0
0 0 0 0 0 0 0 0 0 0 0 0
0 0 0 0 0 0 0 0 0 0 0 0
0 0 0 0 0 0 0 0 0 0 0 0
0 0 0 0 0 0 0 0 0 0 0 0
2 0 0 0 0 2 2 0 0 0 0 2
2 0 0 0 0 2 2 0 0 0 0 2
0 0 0 0 0 0 0 0 0 0 0 0

4
1
5
0 0 0 0 0 0 0 0 0 0 0 0
0 0 0 0 0 0 0 0 0 0 0 0
0 0 0 0 0 0 0 0 0 0 0 0
0 0 0 0 0 2 0 0 0 0 0 2
0 0 0 0 0 1 0 0 0 0 0 1
2 0 0 0 2 1 2 0 0 0 2 1
1 0 0 0 1 1 1 0 0 0 1 1
1 0 0 0 1 1 1 0 0 0 1 1
1 0 0 0 1 1 1 0 0 0 1 1
1 1 0 1 1 1 1 1 0 1 1 1
1 1 0 1 1 1 1 1 0 1 1 1
1 1 0 1 1 1 1 1 0 1 1 1
1 1 0 1 1 1 1 1 0 1 1 1
1 1 0 1 1 1 1 1 0 1 1 1
1 0 0 0 1 1 1 0 0 0 1 1
1 0 0 0 1 1 1 0 0 0 1 1
1 0 0 0 1 1 1 0 0 0 1 1
0 0 0 0 0 1 0 0 0 0 0 1
0 0 0 0 0 1 0 0 0 0 0 1
0 0 0 0 0 0 0 0 0 0 0 0
0 0 0 0 0 0 0 0 0 0 0 0
0 0 2 0 0 0 0 0 2 0 0 0
0 0 1 0 0 0 0 0 1 0 0 0
0 2 1 2 0 0 0 2 1 2 0 0

5
-1
-1
0 1 1 1 0 0 0 1 1 1 0 0
0 1 1 1 0 0 0 1 1 1 0 0
0 1 1 1 0 0 0 1 1 1 0 0
0 1 1 1 0 0 0 1 1 1 1 0
1 1 1 1 1 0 1 1 1 1 1 0
1 1 1 1 1 0 1 1 1 1 1 0
1 1 1 1 1 0 1 1 1 1 1 0
1 1 1 1 1 0 1 1 1 1 1 0
1 1 1 1 1 0 1 1 1 1 1 0
0 1 1 1 0 0 0 1 1 1 0 0
0 1 1 1 0 0 0 1 1 1 0 0
0 1 1 1 0 0 0 1 1 1 0 0
0 0 1 0 0 0 0 0 1 0 0 0
0 0 1 0 0 0 0 0 1 0 0 0
0 0 0 0 0 0 0 0 0 0 0 0
0 0 0 0 0 0 0 0 0 0 0 0
0 0 0 0 0 0 0 0 0 0 0 0
0 0 0 0 0 0 0 0 0 0 0 0
0 0 0 0 0 0 0 0 0 0 0 0
0 0 0 0 0 0 0 0 0 0 0 0
0 0 0 0 0 0 0 0 0 0 0 0
0 0 0 0 0 0 0 0 0 0 0 0
0 0 0 0 0 0 0 0 0 0 0 0
0 0 0 0 0 0 0 0 0 0 0 0

6
3
-1
0 0 0 0 0 0 0 0 0 0 0 0
0 0 0 0 0 0 0 0 0 0 0 0
0 0 0 0 0 0 0 0 0 0 0 0
0 0 0 0 0 0 0 0 0 0 0 0
0 0 2 2 0 0 0 2 2 0 0 0
0 0 2 2 0 0 0 2 2 0 0 0
0 0 2 2 0 0 0 2 2 0 0 0
0 2 0 0 0 0 0 0 0 2 0 0
0 2 0 0 0 0 0 0 0 2 0 0
0 2 0 0 0 0 0 0 0 2 0 0
2 0 0 0 1 1 1 0 0 0 2 0
2 0 0 1 1 2 1 1 0 0 2 0
2 0 0 0 1 1 1 0 0 0 2 0
2 0 0 0 0 0 0 0 0 0 2 0
2 0 0 0 0 0 0 0 0 0 2 0
0 2 2 0 0 0 0 0 2 2 0 0
0 2 2 0 0 0 0 0 2 2 0 0
0 0 2 0 0 0 0 0 2 0 0 0
0 0 0 0 0 0 0 0 0 0 0 0
0 0 0 0 0 0 0 0 0 0 0 2
2 0 0 0 0 0 0 0 0 0 2 2
2 2 0 0 0 0 0 0 0 2 2 0
0 0 0 0 0 0 0 0 0 0 0 0
0 0 0 0 0 0 0 0 0 0 0 0

7
3
-1
1 1 0 0 1 1 1 1 1 0 0 1
1 1 0 0 0 1 1 1 0 0 0 1
1 1 1 0 0 1 1 1 0 0 1 1
1 1 1 0 0 0 1 0 0 0 1 1
1 1 1 0 0 0 1 0 0 0 1 1
1 1 1 1 0 0 1 0 0 1 1 1
1 1 1 1 0 0 0 0 0 1 1 1
1 1 1 1 0 0 0 0 0 1 1 1
1 1 1 1 1 0 0 0 1 1 1 1
1 1 1 1 1 0 0 0 1 1 1 1
1 1 1 1 1 2 0 2 1 1 1 1
1 1 1 1 1 2 0 2 1 1 1 1
1 1 1 1 1 0 0 0 1 1 1 1
0 0 0 0 0 0 0 0 0 0 0 0
0 0 0 0 0 0 0 0 0 0 0 0
0 0 0 0 0 0 0 0 0 0 0 0
0 0 0 0 0 0 0 0 0 0 0 0
0 0 0 0 0 0 0 0 0 0 0 0
0 0 0 0 0 2 0 2 0 0 0 0
0 0 0 0 2 2 0 2 2 0 0 0
0 0 0 2 2 2 1 2 2 2 0 0
0 0 0 2 2 2 2 2 2 2 0 0
0 0 0 0 0 0 0 0 0 0 0 0
0 0 0 0 0 0 0 0 0 0 0 0

8
2
-1
1 1 1 0 0 0 0 0 0 0 0 0
1 1 1 1 0 0 0 0 0 0 0 0
1 1 1 1 1 0 0 0 0 0 0 0
1 1 1 1 1 0 0 2 0 0 0 0
1 1 1 1 1 0 0 2 0 0 0 0
1 1 1 1 1 0 0 0 2 0 2 0
1 1 1 1 1 0 0 0 0 0 2 0
1 1 1 1 1 0 0 0 0 0 0 0
1 1 1 1 1 0 0 0 0 0 0 0
1 1 1 1 1 0 0 0 0 0 0 0
1 1 1 1 1 0 2 0 0 0 0 0
1 1 1 1 1 0 2 0 0 0 0 2
1 1 1 1 1 0 0 2 0 0 0 0
1 1 1 1 1 0 0 0 0 0 0 0
1 1 1 1 1 0 0 0 0 0 0 0
1 1 1 1 1 0 0 0 0 2 0 0
1 1 1 1 1 2 0 0 0 2 0 0
1 1 1 1 1 0 2 0 2 0 0 0
1 1 1 1 1 0 0 0 0 0 0 0
1 1 1 1 1 0 0 0 0 0 0 0
1 1 1 1 1 0 0 0 0 0 2 0
1 1 1 1 1 0 0 2 0 0 0 0
1 1 1 1 0 0 0 0 0 0 0 0
1 1 1 0 0 0 0 0 0 0 0 0

9
2
-1
0 1 1 0 0 1 1 0 0 1 1 0
0 1 1 0 0 1 1 0 0 1 1 0
0 1 1 0 0 1 1 0 0 1 1 0
0 1 1 0 0 1 1 0 0 1 1 0
0 1 1 0 0 1 1 0 0 1 1 0
0 1 1 0 0 1 1 0 0 1 1 0
0 1 1 0 0 1 1 0 0 1 1 0
0 1 1 0 0 1 1 0 0 1 1 0
0 1 1 0 0 1 1 0 0 1 1 0
0 1 1 0 0 1 1 0 0 1 1 0
0 1 1 0 0 1 1 0 0 1 1 0
0 1 1 0 0 1 1 0 0 1 1 0
0 1 1 0 0 1 1 0 0 1 1 0
0 1 1 0 0 1 1 0 0 1 1 0
0 1 1 0 0 1 1 0 0 1 1 0
0 1 1 0 0 1 1 0 0 1 1 0
0 1 1 0 0 1 1 0 0 1 1 0
0 1 1 0 0 1 1 0 0 1 1 0
0 1 1 0 0 1 1 0 0 1 1 0
0 1 1 0 0 1 1 0 0 1 1 0
0 1 1 0 0 1 1 0 0 1 1 0
0 1 1 0 0 1 1 0 0 1 1 0
0 1 1 0 0 1 1 0 0 1 1 0
0 1 1 0 0 1 1 0 0 1 1 0

10
2
-1
0 1 1 0 0 1 1 0 0 1 1 0
0 0 1 0 0 0 1 0 0 0 1 0
0 0 1 1 0 0 1 1 0 0 1 1
0 0 0 1 0 0 0 1 0 0 0 1
0 0 0 1 1 0 0 1 1 0 0 1
1 0 0 0 1 0 0 0 1 0 0 0
1 0 0 0 1 1 0 0 1 1 0 0
1 1 0 0 0 1 0 0 0 1 0 0
0 1 0 0 0 1 1 0 0 1 1 0
0 1 1 0 0 0 1 0 0 0 1 0
0 0 1 0 0 0 1 1 0 0 1 1
0 0 1 1 0 0 0 1 0 0 0 1
0 0 0 1 0 0 0 1 1 0 0 1
1 0 0 1 1 0 0 0 1 0 0 0
1 0 0 0 1 0 0 0 1 1 0 0
1 1 0 0 1 1 0 0 0 1 0 0
0 1 0 0 0 1 0 0 0 1 1 0
0 1 1 0 0 1 1 0 0 0 1 0
0 0 1 0 0 0 1 0 0 0 1 1
0 0 1 1 0 0 1 1 0 0 0 1
0 0 0 1 0 0 0 1 0 0 0 1
1 0 0 1 1 0 0 1 1 0 0 1
1 0 0 0 1 0 0 0 1 0 0 0
0 1 0 0 0 1 0 0 0 1 0 0

11
2
-1
0 0 1 0 0 0 1 0 0 0 1 0
0 1 1 0 0 1 1 0 0 1 1 0
0 1 0 0 0 1 0 0 0 1 0 0
1 1 0 0 1 1 0 0 1 1 0 0
1 0 0 0 1 0 0 0 1 0 0 1
1 0 0 1 1 0 0 1 1 0 0 1
0 0 0 1 0 0 0 1 0 0 0 1
0 0 1 1 0 0 1 1 0 0 1 1
0 0 1 0 0 0 1 0 0 0 1 0
0 1 1 0 0 1 1 0 0 1 1 0
0 1 0 0 0 1 0 0 0 1 0 0
1 1 0 0 1 1 0 0 1 1 0 0
1 0 0 0 1 0 0 0 1 0 0 1
1 0 0 1 1 0 0 1 1 0 0 1
0 0 0 1 0 0 0 1 0 0 0 1
0 0 1 1 0 0 1 1 0 0 1 1
0 0 1 0 0 0 1 0 0 0 1 0
0 1 1 0 0 1 1 0 0 1 1 0
0 1 0 0 0 1 0 0 0 1 0 0
1 1 0 0 1 1 0 0 1 1 0 0
1 0 0 0 1 0 0 0 1 0 0 0
1 0 0 1 1 0 0 1 1 0 0 1
0 0 0 1 0 0 0 1 0 0 1 0
0 0 1 0 0 0 1 0 0 0 1 0

12
1
-1
1 1 0 0 0 0 0 0 0 0 0 0
1 1 0 0 0 0 0 0 0 0 0 0
1 1 0 0 0 0 0 0 0 0 0 0
1 1 0 0 0 0 0 0 0 0 0 0
1 1 0 0 0 0 0 0 0 0 0 0
1 1 0 0 0 0 0 0 0 0 0 0
1 1 0 0 0 0 0 0 0 0 0 0
1 1 0 0 0 0 0 0 0 0 0 0
0 0 0 0 0 0 0 0 0 0 0 0
0 0 0 0 0 0 0 0 0 0 0 0
0 0 0 0 0 0 0 0 0 0 0 0
0 0 0 0 0 0 0 0 2 0 0 0
0 0 0 0 0 0 0 2 0 0 0 0
0 0 0 0 0 0 2 0 0 0 0 0
0 0 0 0 0 2 0 0 0 0 0 0
0 0 0 0 0 0 0 0 0 0 0 0
0 0 0 0 0 0 0 0 0 0 0 0
0 0 0 0 0 0 0 0 0 0 0 0
0 0 1 1 0 0 0 0 0 0 0 0
0 0 1 1 0 0 0 0 0 0 0 0
0 0 1 1 0 0 0 0 0 0 0 0
0 0 1 1 0 0 0 0 0 0 0 0
0 0 1 1 0 0 0 0 0 0 0 0
0 0 1 1 0 0 0 0 0 0 0 0

13
2
-1
0 0 0 0 0 0 0 0 0 0 0 0
0 0 0 0 0 0 0 0 0 0 0 0
0 0 0 0 0 0 0 1 1 0 0 0
1 1 0 0 0 0 0 0 1 1 0 0
0 1 1 0 0 0 0 0 0 1 1 0
0 0 1 1 0 0 0 0 0 0 1 1
0 0 0 1 1 0 0 0 0 0 0 1
0 0 0 0 0 0 0 0 0 0 0 0
0 0 0 0 0 0 0 0 0 0 0 0
0 0 0 0 0 0 0 0 0 0 0 0
2 2 0 2 2 0 2 2 0 2 2 0
0 0 0 0 0 0 0 0 0 0 0 0
0 0 0 0 0 0 0 0 0 0 0 0
0 0 1 0 1 1 0 0 1 1 0 0
0 0 1 0 1 1 0 0 1 1 0 0
0 0 1 0 1 1 0 0 1 1 0 0
0 0 0 0 0 0 0 0 0 0 0 0
0 0 0 0 0 0 0 0 0 0 0 0
1 1 1 1 0 1 1 0 1 1 1 1
0 0 0 0 0 0 0 0 0 0 0 0
0 0 0 0 0 0 0 0 0 0 0 0
2 2 2 2 2 0 0 2 2 2 2 2
0 0 0 0 0 0 0 0 0 0 0 0
0 0 0 0 0 0 0 0 0 0 0 0

14
1
-1
0 0 0 0 0 0 0 0 0 0 0 0
0 0 0 0 0 0 0 0 0 0 0 0
0 0 0 0 0 0 0 0 0 0 0 0
1 1 1 1 1 0 0 0 0 0 0 0
0 1 1 1 1 1 0 0 0 0 0 0
0 0 1 1 1 1 1 0 0 0 0 0
0 0 0 1 1 1 1 1 0 0 0 0
0 0 0 0 0 0 0 0 0 0 0 0
0 0 0 0 0 0 0 0 0 0 0 0
0 0 0 0 0 0 0 0 0 0 0 0
0 0 0 0 0 0 0 0 0 0 0 0
0 0 0 0 0 0 0 0 0 0 0 0
0 0 0 0 0 0 0 0 0 0 0 0
0 0 0 0 0 0 0 0 0 0 0 0
0 0 0 0 0 0 0 0 0 0 0 0
0 0 0 0 0 0 0 0 0 0 0 0
0 0 0 0 0 0 0 1 1 1 1 1
0 0 0 0 0 0 1 1 1 1 1 0
0 0 0 0 0 1 1 1 1 1 0 0
0 0 0 0 1 1 1 1 1 0 0 0
0 0 0 0 0 0 0 0 0 0 0 0
0 0 0 0 0 0 0 0 0 0 0 0
0 0 0 0 0 0 0 0 0 0 0 0
0 0 0 0 0 0 0 0 0 0 0 0

15
1
-1
0 0 0 0 0 0 0 0 0 0 0 0
0 0 0 0 0 0 0 0 0 0 0 0
0 0 0 0 0 0 0 0 0 0 0 0
0 0 0 0 0 0 0 0 0 0 0 0
0 0 0 0 0 0 0 0 0 0 0 0
1 1 1 1 0 1 1 0 1 1 1 1
1 1 1 1 0 1 1 0 1 1 1 1
1 1 1 1 0 1 1 0 1 1 1 1
1 1 1 1 0 1 1 0 1 1 1 1
1 1 1 1 0 1 1 0 1 1 1 1
1 1 1 1 0 1 1 0 1 1 1 1
0 0 0 0 0 0 0 0 0 0 0 0
0 0 0 0 0 0 0 0 0 0 0 0
0 0 0 0 0 0 0 0 0 0 0 0
0 0 0 0 0 0 0 0 0 0 0 0
0 0 0 0 0 0 0 0 0 0 0 0
0 2 2 0 0 2 2 0 2 2 0 0
0 2 2 0 0 2 2 0 2 2 0 0
0 2 2 0 0 2 2 0 2 2 0 0
0 0 0 0 0 0 0 0 0 0 0 0
0 0 0 0 0 0 0 0 0 0 0 0
0 0 0 0 0 0 0 0 0 0 0 0
0 0 0 0 0 0 0 0 0 0 0 0
0 0 0 0 0 0 0 0 0 0 0 0

16
1
-1
0 0 0 0 0 0 0 0 0 0 0 0
0 0 0 0 0 0 0 0 0 0 0 0
0 0 0 0 0 0 0 0 0 0 0 0
1 0 0 1 0 1 0 0 1 1 0 1
1 2 0 1 0 1 2 0 1 1 0 1
1 0 0 1 0 1 0 0 1 1 0 1
1 0 0 1 0 1 0 0 1 1 0 1
1 0 0 1 0 1 0 0 1 1 0 1
1 0 2 1 0 1 0 2 1 1 0 1
1 0 0 1 0 1 0 0 1 1 0 1
1 0 0 1 0 1 0 0 1 1 0 1
1 0 0 1 0 1 0 0 1 1 0 1
1 2 0 1 0 1 2 0 1 1 0 1
1 0 0 1 0 1 0 0 1 1 0 1
1 0 0 1 0 1 0 0 1 1 0 1
1 0 0 1 0 1 0 0 1 1 0 1
1 0 2 1 0 1 0 2 1 1 0 1
1 0 0 1 0 1 0 0 1 1 0 1
1 0 0 1 0 1 0 0 1 1 0 1
1 0 0 1 0 1 0 0 1 1 0 1
1 2 0 1 0 1 2 0 1 1 0 1
0 0 0 0 0 0 0 0 0 0 0 0
0 0 0 0 0 0 0 0 0 0 0 0
0 0 0 0 0 0 0 0 0 0 0 0
